City_ID,City,Cloudiness,Country,Date,Humidity,Lat,Lng,Max Temp,Wind Speed
0,rikitea,24,PF,1554589808,100,-23.12,-134.97,78.14,12.8
1,mar del plata,0,AR,1554589729,31,-46.43,-67.52,70.63,4.97
2,victor harbor,20,AU,1554589695,81,-35.55,138.62,60.01,6.93
3,saint peter,90,US,1554589527,93,44.32,-93.96,59.0,3.36
4,quatre cocos,75,MU,1554589140,69,-20.21,57.76,80.6,13.87
5,saskylakh,56,RU,1554589356,80,71.97,114.09,17.89,18.28
6,new norfolk,20,AU,1554589335,76,-42.78,147.06,61.0,5.82
7,mataura,0,NZ,1554589205,75,-46.19,168.86,51.01,1.01
8,ponta do sol,8,BR,1554589369,90,-20.63,-46.0,72.7,1.28
9,east london,32,ZA,1554589811,100,-33.02,27.91,68.96,15.93
10,faanui,76,PF,1554589787,98,-16.48,-151.75,85.21,15.7
11,cape town,0,ZA,1554589333,72,-33.93,18.42,66.0,13.87
12,ribeira grande,68,PT,1554589812,100,38.52,-28.7,59.24,26.11
13,akom,44,GH,1554589813,72,6.86,-1.64,81.2,10.0
14,ilulissat,68,GL,1554587400,44,69.22,-51.1,39.2,33.33
15,mackay,1,CA,1554588000,70,53.65,-115.58,44.6,4.7
16,sao joao da barra,20,BR,1554584400,78,-21.64,-41.05,82.4,20.29
17,hambantota,40,LK,1554585000,100,6.12,81.12,77.0,3.36
18,suntar,0,RU,1554589815,69,62.16,117.65,25.4,2.95
19,bredasdorp,0,ZA,1554589015,82,-34.53,20.04,62.6,4.7
20,sharjah,0,AE,1554584400,22,25.36,55.39,87.8,2.24
21,hobart,20,AU,1554589755,76,-42.88,147.33,61.0,5.82
22,sola,0,FI,1554589627,79,62.78,29.36,28.4,2.73
23,barrow,0,AR,1554589816,45,-38.31,-60.23,64.46,12.01
24,iqaluit,90,CA,1554589328,85,63.75,-68.52,21.2,4.7
25,mao,75,DO,1554589518,65,19.55,-71.08,82.99,14.99
26,peniche,75,PT,1554589561,81,39.36,-9.38,54.0,8.05
27,klaksvik,36,FO,1554589200,97,62.23,-6.59,41.0,10.29
28,mubende,0,UG,1554589818,89,0.56,31.4,61.76,2.84
29,vaini,0,IN,1554589819,88,15.34,74.49,65.36,1.05
30,husavik,88,CA,1554589815,46,50.56,-96.99,46.99,7.0
31,broome,24,GB,1554589817,100,52.47,1.45,46.99,3.36
32,camacha,40,PT,1554588000,77,33.08,-16.33,62.6,18.34
33,lorengau,32,PG,1554589820,94,-2.02,147.27,84.44,6.2
34,qaqortoq,12,GL,1554587400,69,60.72,-46.03,35.6,12.75
35,agua branca,64,BR,1554589821,94,-5.89,-42.63,74.72,4.74
36,hermanus,48,ZA,1554589015,89,-34.42,19.24,62.01,4.0
37,bethel,20,US,1554584160,55,60.79,-161.76,33.8,16.11
38,cayenne,90,GF,1554586200,83,4.94,-52.33,78.8,8.05
39,mendota,1,US,1554589569,41,36.75,-120.38,75.99,11.41
40,chaiyaphum,8,TH,1554589475,78,15.81,102.03,79.0,3.18
41,punta arenas,20,CL,1554589353,70,-53.16,-70.91,46.4,38.03
42,bambous virieux,75,MU,1554589740,69,-20.34,57.76,80.6,13.87
